hidden=120
output_replicas=4
train_per_class=100
validation_per_class=50
free_sweeps=50.0
nudged_sweeps=25.0
stepsize=0.05
beta=0.1
ridge=10.0
target_on=0.5
target_off=0.0
before=(accuracy = 0.068, mse = 25.771399f0, pred_counts = [30, 73, 74, 21, 19, 45, 123, 70, 39, 6], target_counts = [50, 50, 50, 50, 50, 50, 50, 50, 50, 50])
after_ridge=(accuracy = 0.404, mse = 14.089908f0, pred_counts = [48, 64, 54, 54, 42, 64, 53, 46, 42, 33], target_counts = [50, 50, 50, 50, 50, 50, 50, 50, 50, 50])
