hidden=120
output_replicas=4
train_per_class=100
validation_per_class=50
free_sweeps=50.0
nudged_sweeps=25.0
stepsize=0.05
beta=0.1
ridge=0.01
target_on=0.5
target_off=0.0
before=(accuracy = 0.116, mse = 14.638695f0, pred_counts = [37, 35, 48, 46, 70, 59, 38, 65, 53, 49], target_counts = [50, 50, 50, 50, 50, 50, 50, 50, 50, 50])
after_ridge=(accuracy = 0.144, mse = 15.393316f0, pred_counts = [60, 36, 61, 59, 42, 56, 63, 37, 51, 35], target_counts = [50, 50, 50, 50, 50, 50, 50, 50, 50, 50])
