hidden=120
output_replicas=4
train_per_class=100
validation_per_class=50
free_sweeps=50.0
nudged_sweeps=25.0
stepsize=0.05
beta=0.1
ridge=0.01
target_on=0.5
target_off=0.0
before=(accuracy = 0.086, mse = 25.591244f0, pred_counts = [28, 55, 81, 23, 17, 55, 136, 71, 27, 7], target_counts = [50, 50, 50, 50, 50, 50, 50, 50, 50, 50])
after_ridge=(accuracy = 0.346, mse = 14.60528f0, pred_counts = [44, 42, 91, 33, 72, 65, 49, 36, 31, 37], target_counts = [50, 50, 50, 50, 50, 50, 50, 50, 50, 50])
