hidden=120
output_replicas=4
train_per_class=100
validation_per_class=50
free_sweeps=50.0
nudged_sweeps=25.0
stepsize=0.05
beta=0.1
ridge=0.01
target_on=0.5
target_off=0.0
before=(accuracy = 0.08, mse = 25.745352f0, pred_counts = [31, 75, 78, 34, 24, 44, 106, 73, 26, 9], target_counts = [50, 50, 50, 50, 50, 50, 50, 50, 50, 50])
after_ridge=(accuracy = 0.272, mse = 17.78875f0, pred_counts = [31, 23, 34, 48, 18, 48, 41, 30, 32, 195], target_counts = [50, 50, 50, 50, 50, 50, 50, 50, 50, 50])
