hidden=120
output_replicas=4
train_per_class=100
validation_per_class=50
free_sweeps=100.0
nudged_sweeps=50.0
stepsize=0.05
beta=0.1
ridge=0.01
target_on=0.5
target_off=0.0
before=(accuracy = 0.114, mse = 15.413799f0, pred_counts = [27, 30, 46, 36, 65, 67, 56, 86, 49, 38], target_counts = [50, 50, 50, 50, 50, 50, 50, 50, 50, 50])
after_ridge=(accuracy = 0.218, mse = 20.68805f0, pred_counts = [76, 11, 104, 77, 42, 60, 57, 18, 34, 21], target_counts = [50, 50, 50, 50, 50, 50, 50, 50, 50, 50])
