hidden=7840
train_limit=5000
validation_limit=1000
ridge=0.1
copy_scale=1.0
output_scale=0.25
relaxation=7850
train_accuracy=0.094
train_mse=13.514522
validation_accuracy=0.109
validation_mse=13.254562
validation_output_mean=-0.004984182
validation_output_std=0.5774585
