hidden=120
output_replicas=4
train_per_class=100
validation_per_class=50
free_sweeps=50.0
nudged_sweeps=25.0
stepsize=0.05
beta=0.1
ridge=0.01
target_on=0.5
target_off=0.0
before=(accuracy = 0.088, mse = 17.662224f0, pred_counts = [34, 53, 56, 43, 40, 64, 77, 58, 42, 33], target_counts = [50, 50, 50, 50, 50, 50, 50, 50, 50, 50])
after_ridge=(accuracy = 0.198, mse = 19.316057f0, pred_counts = [32, 9, 36, 57, 46, 25, 54, 211, 13, 17], target_counts = [50, 50, 50, 50, 50, 50, 50, 50, 50, 50])
