hidden=7840
train_limit=5000
validation_limit=1000
ridge=0.1
copy_scale=1.0
output_scale=1.0
relaxation=39250
train_accuracy=0.468
train_mse=5.5894384
validation_accuracy=0.396
validation_mse=6.3314314
validation_output_mean=-0.4837886
validation_output_std=0.64402807
