hidden=120
output_replicas=4
train_per_class=100
validation_per_class=50
free_sweeps=50.0
nudged_sweeps=25.0
stepsize=0.05
beta=0.1
ridge=0.1
target_on=0.5
target_off=0.0
before=(accuracy = 0.1, mse = 25.607786f0, pred_counts = [21, 64, 74, 34, 20, 48, 121, 60, 47, 11], target_counts = [50, 50, 50, 50, 50, 50, 50, 50, 50, 50])
after_ridge=(accuracy = 0.374, mse = 14.290459f0, pred_counts = [54, 49, 49, 60, 43, 67, 53, 52, 37, 36], target_counts = [50, 50, 50, 50, 50, 50, 50, 50, 50, 50])
